$ANSIBLE_VAULT;1.1;AES256
31326461396636316362636530353362346331633261366365353264326636666434653461326530
3664333535643566393861386463626265393230626333610a363131363638346262376139396334
39363730336663663935346264653739376533353930643861626364313965616139373934383936
6637646336626562650a633434653664343837633561303861343530383530366333633637356139
30383931363836376137313036623039323332353962303035636233626530373065373962333539
38366266323432356338393239393966636634376437646163306261613333656636343964663034
30373765633930656265383164353933323137623764316162383737323233353164383036633465
38343333373938323532666532646536663137613233396439356639663738626432623566326132
66653838333233633331303538623863656162623164643636303662313138346337623035643736
64626330646432303730656363623632363934373333333862656232343439323664303265633130
31346539313663616236366261316661333131336636316236396262396337663932623862353431
65316130363536613364323734356465373231646566666132353036306234306637396433633062
64353235333063373566356239303566376234653530373535323633393636343061343664353562
34643832613238313761613835386537646364316535383666313937323363303262336434623661
38613232623532303534306365386237663161323030363930376331303462626535633665656635
32613330356335643431643034373639383931613934323361336461333938636665666462373961
30663333663537363531393232373538353831616330633833663263393138646233646633623863
37376261633533303537633534343530633133363439386632316663633832616637353263633037
31623064303862343664646236633263633434623162616535326665303862376434386430383438
62376533306166656130336533633431353238316634633063626435316633386464366537343938
37653431373364373135623465316437326262383461666130383361393266343537623834636461
31636435383661616435323937376633353432623030623063386461633034353464393130613535
64356639333332373438353832633966386262366163343037323765323532393134306436353932
31396633343966623031323064643832343234353838616465306563383465643732663066616237
6239
